File Name: MWTHOMKOLOHM

============================================================================
Killed Units: 102
Td    ID    Tj    Df    Dd    Ta    Db    
6     28    6     0     0     6     0     
6     25    6     0     0     6     0     
6     12    4     2     0     6     2     
7     23    6     1     0     7     1     
7     5     1     6     0     7     6     
8     29    8     0     0     8     0     
8     34    8     0     0     8     0     
8     33    8     0     0     8     0     
8     30    8     0     0     8     0     
8     32    8     0     0     8     0     
9     6     1     8     0     9     8     
9     20    5     4     0     9     4     
9     17    5     4     0     9     4     
9     15    5     4     0     9     4     
9     27    6     3     0     9     3     
10    36    10    0     0     10    0     
10    40    10    0     0     10    0     
10    39    10    0     0     10    0     
10    14    4     6     0     10    6     
10    41    10    0     0     10    0     
11    38    10    1     0     11    1     
11    13    4     7     0     11    7     
11    10    4     7     0     11    7     
11    8     4     7     0     11    7     
11    22    6     5     0     11    5     
12    3     1     11    0     12    11    
12    7     1     11    0     12    11    
12    4     1     11    0     12    11    
12    21    5     7     0     12    7     
13    37    10    3     0     13    3     
13    42    10    3     0     13    3     
14    48    14    0     0     14    0     
14    45    14    0     0     14    0     
14    46    14    0     0     14    0     
15    43    14    1     0     15    1     
15    35    8     7     0     15    7     
16    56    16    0     0     16    0     
16    55    16    0     0     16    0     
16    54    16    0     0     16    0     
16    9     4     12    0     16    12    
17    19    5     12    0     17    12    
17    53    16    1     0     17    1     
17    52    16    1     0     17    1     
17    2     1     16    0     17    16    
18    49    14    4     0     18    4     
18    51    16    2     0     18    2     
18    11    4     14    0     18    14    
26    61    26    0     0     26    0     
26    59    26    0     0     26    0     
26    58    26    0     0     26    0     
26    60    26    0     0     26    0     
27    57    26    1     0     27    1     
27    63    26    1     0     27    1     
30    67    30    0     0     30    0     
30    65    30    0     0     30    0     
30    64    30    0     0     30    0     
30    68    30    0     0     30    0     
31    71    31    0     0     31    0     
31    76    31    0     0     31    0     
32    72    31    1     0     32    1     
36    79    36    0     0     36    0     
36    84    36    0     0     36    0     
36    83    36    0     0     36    0     
37    82    36    1     0     37    1     
37    81    36    1     0     37    1     
38    78    36    2     0     38    2     
39    89    39    0     0     39    0     
39    90    39    0     0     39    0     
39    88    39    0     0     39    0     
39    85    39    0     0     39    0     
40    97    40    0     0     40    0     
40    98    40    0     0     40    0     
40    96    40    0     0     40    0     
40    92    40    0     0     40    0     
41    95    40    1     0     41    1     
41    105   41    0     0     41    0     
41    100   41    0     0     41    0     
41    99    41    0     0     41    0     
42    110   42    0     0     42    0     
42    112   42    0     0     42    0     
42    111   42    0     0     42    0     
42    107   42    0     0     42    0     
43    104   41    2     0     43    2     
43    108   42    1     0     43    1     
43    106   42    1     0     43    1     
43    91    39    4     0     43    4     
44    103   41    3     0     44    3     
44    93    40    4     0     44    4     
44    86    39    5     0     44    5     
44    94    40    4     0     44    4     
45    119   45    0     0     45    0     
45    117   45    0     0     45    0     
45    116   45    0     0     45    0     
46    120   46    0     0     46    0     
46    122   46    0     0     46    0     
47    118   45    2     0     47    2     
48    130   48    0     0     48    0     
48    131   48    0     0     48    0     
49    139   49    0     0     49    0     
49    128   48    1     0     49    1     
50    135   49    1     0     50    1     
50    134   49    1     0     50    1     
============================================================================
============================================================================
Total Earth Army Units Alive: 
ES    ET    EG    HU    ESUML ETUML 
17    0     4     0     0     3     
0     51    51    0     

Percentage Of Destructed Earth Units Relative To Their Total: 
0     94    93    -nan(ind)

Percentage Of Total Destructed Earth units Relative To Total Earth Units: 81

Average of Df,Dd & Db for Earth Units:
DfAVG DdAVG DbAVG 
2     0     2     

Earth Df/Db%: 100
Earth Dd/Db%: 0
============================================================================
Total Alien Army Units Alive: 
AS    AM    AD    
109   22    9     
0     0     0     

Percentage Of Destructed Alien Units Relative To Their Total: 
0     0     0     

Percentage Of Total Destructed Alien units Relative To Total Alien Units: 0

Average of Df,Dd & Db for Alien Units: 
DfAVG DdAVG DbAVG 
-nan(ind)-nan(ind)-nan(ind)

Db Of Alien is 0 cant generate Alien Dd/Db% or Earth Df/Db%
============================================================================
