File Name: MWTHOMKOLHOM

============================================================================
Killed Units: 76
Td    ID    Tj    Df    Dd    Ta    Db    
26    75    26    0     0     26    0     
26    27    12    14    0     26    14    
27    70    25    2     0     27    2     
27    4     3     24    0     27    24    
28    60    22    6     0     28    6     
28    44    19    9     0     28    9     
29    55    21    8     0     29    8     
29    37    18    11    0     29    11    
30    84    30    0     0     30    0     
30    83    30    0     0     30    0     
30    6     3     27    0     30    27    
31    54    21    10    0     31    10    
31    82    30    1     0     31    1     
31    81    30    1     0     31    1     
31    63    22    9     0     31    9     
32    79    30    2     0     32    2     
32    52    21    11    0     32    11    
32    12    8     24    0     32    24    
33    34    13    20    0     33    20    
33    51    21    12    0     33    12    
33    46    19    14    0     33    14    
33    74    26    7     0     33    7     
34    90    34    0     0     34    0     
34    91    34    0     0     34    0     
34    89    34    0     0     34    0     
34    2     3     31    0     34    31    
35    94    35    0     0     35    0     
35    87    34    1     0     35    1     
35    24    12    23    0     35    23    
36    45    19    17    0     36    17    
36    36    18    18    0     36    18    
37    102   37    0     0     37    0     
37    40    18    19    0     37    19    
38    112   38    0     0     38    0     
38    106   38    0     0     38    0     
38    62    22    16    0     38    16    
39    113   39    0     0     39    0     
39    115   39    0     0     39    0     
40    101   37    3     0     40    3     
40    99    37    3     0     40    3     
40    93    35    5     0     40    5     
41    97    35    6     0     41    6     
41    33    13    28    0     41    28    
41    108   38    3     0     41    3     
42    26    12    30    0     42    30    
42    41    18    24    0     42    24    
43    25    12    31    0     43    31    
43    22    12    31    0     43    31    
43    111   38    5     0     43    5     
44    124   44    0     0     44    0     
44    10    8     36    0     44    36    
45    31    13    32    0     45    32    
45    19    11    34    0     45    34    
45    13    8     37    0     45    37    
45    50    21    24    0     45    24    
46    131   46    0     0     46    0     
46    133   46    0     0     46    0     
46    127   46    0     0     46    0     
46    65    25    21    0     46    21    
47    135   47    0     0     47    0     
47    138   47    0     0     47    0     
47    137   47    0     0     47    0     
47    104   37    10    0     47    10    
48    144   48    0     0     48    0     
48    146   48    0     0     48    0     
48    136   47    1     0     48    1     
48    134   47    1     0     48    1     
48    142   48    0     0     48    0     
49    140   47    2     0     49    2     
49    11    8     41    0     49    41    
49    9     8     41    0     49    41    
49    8     8     41    0     49    41    
49    20    11    38    0     49    38    
50    29    13    37    0     50    37    
50    3     3     47    0     50    47    
50    39    18    32    0     50    32    
============================================================================
============================================================================
Total Earth Army Units Alive: 
ES    ET    EG    HU    ESUML ETUML 
10    0     32    0     0     4     
0     38    38    0     

Percentage Of Destructed Earth Units Relative To Their Total: 
0     90    54    -nan(ind)

Percentage Of Total Destructed Earth units Relative To Total Earth Units: 62

Average of Df,Dd & Db for Earth Units:
DfAVG DdAVG DbAVG 
13    0     13    

Earth Df/Db%: 100
Earth Dd/Db%: 0
============================================================================
Total Alien Army Units Alive: 
AS    AM    AD    
114   26    7     
0     0     0     

Percentage Of Destructed Alien Units Relative To Their Total: 
0     0     0     

Percentage Of Total Destructed Alien units Relative To Total Alien Units: 0

Average of Df,Dd & Db for Alien Units: 
DfAVG DdAVG DbAVG 
-nan(ind)-nan(ind)-nan(ind)

Db Of Alien is 0 cant generate Alien Dd/Db% or Earth Df/Db%
============================================================================
