File Name: OHSHIT

============================================================================
Killed Units: 60
Td    ID    Tj    Df    Dd    Ta    Db    
0     1     1     -1    0     0     -1    
0     1     1     -1    0     0     -1    
0     1     1     -1    0     0     -1    
0     11    4     -4    0     0     -4    
0     11    4     -4    0     0     -4    
0     21    6     -6    0     0     -6    
0     21    6     -6    0     0     -6    
0     21    6     -6    0     0     -6    
0     21    6     -6    0     0     -6    
0     21    6     -6    0     0     -6    
0     21    6     -6    0     0     -6    
0     35    12    -12   0     0     -12   
0     35    12    -12   0     0     -12   
0     35    12    -12   0     0     -12   
0     35    12    -12   0     0     -12   
0     35    12    -12   0     0     -12   
0     47    17    -17   0     0     -17   
0     47    17    -17   0     0     -17   
0     54    19    -19   0     0     -19   
0     54    19    -19   0     0     -19   
0     54    19    -19   0     0     -19   
0     54    19    -19   0     0     -19   
0     54    19    -19   0     0     -19   
0     63    24    -24   0     0     -24   
0     63    24    -24   0     0     -24   
0     63    24    -24   0     0     -24   
0     63    24    -24   0     0     -24   
0     63    24    -24   0     0     -24   
0     63    24    -24   0     0     -24   
0     63    24    -24   0     0     -24   
0     63    24    -24   0     0     -24   
0     63    24    -24   0     0     -24   
0     63    24    -24   0     0     -24   
0     63    24    -24   0     0     -24   
35    2004  1     23    11    24    34    
0     69    35    -35   0     0     -35   
36    2005  1     28    7     29    35    
0     69    35    -35   0     0     -35   
0     71    37    -37   0     0     -37   
38    2028  8     16    14    24    30    
0     71    37    -37   0     0     -37   
0     71    37    -37   0     0     -37   
0     83    40    -40   0     0     -40   
41    2049  17    8     16    25    24    
0     83    40    -40   0     0     -40   
42    2048  17    10    15    27    25    
0     83    40    -40   0     0     -40   
0     83    40    -40   0     0     -40   
44    2025  8     23    13    31    36    
0     83    40    -40   0     0     -40   
0     83    40    -40   0     0     -40   
46    2060  24    2     20    26    22    
46    2012  4     23    19    27    42    
0     83    40    -40   0     0     -40   
0     90    47    -47   0     0     -47   
48    2066  35    2     11    37    13    
0     98    48    -48   0     0     -48   
49    2057  24    5     20    29    25    
0     98    48    -48   0     0     -48   
0     104   50    -50   0     0     -50   
============================================================================
============================================================================
Total Earth Army Units Alive: 
ES    ET    EG    HU    ESUML ETUML 
74    23    2     6     0     0     
0     50    0     0     

Percentage Of Destructed Earth Units Relative To Their Total: 
0     68    0     0     

Percentage Of Total Destructed Earth units Relative To Total Earth Units: 32

Average of Df,Dd & Db for Earth Units:
DfAVG DdAVG DbAVG 
-23   0     -23   

Earth Df/Db%: 100
Earth Dd/Db%: -0
============================================================================
Total Alien Army Units Alive: 
AS    AM    AD    
82    5     0     
0     10    0     

Percentage Of Destructed Alien Units Relative To Their Total: 
0     67    -nan(ind)

Percentage Of Total Destructed Alien units Relative To Total Alien Units: 10

Average of Df,Dd & Db for Alien Units: 
DfAVG DdAVG DbAVG 
14    15    29    

Alien Df/Db%: 49
Alien Dd/Db%: 51
============================================================================
