============================================================================
Killed Units: 205
Td    ID    Tj    Df    Dd    Db    
2     2003  1     0     1     1     
2     3     1     1     0     1     
3     2002  1     0     2     2     
5     2006  3     1     1     2     
5     8     3     2     0     2     
7     1     1     0     6     6     
8     10    4     4     0     4     
8     2     1     1     6     7     
9     2004  1     0     8     8     
11    15    5     6     0     6     
11    27    11    0     0     0     
15    2010  4     1     10    11    
15    2005  3     1     11    12    
15    24    9     6     0     6     
16    6     3     1     12    13    
19    2011  4     0     15    15    
19    2001  1     3     15    18    
19    4     1     2     16    18    
24    2022  9     5     10    15    
24    22    9     6     9     15    
27    48    16    11    0     11    
28    2045  16    3     9     12    
28    25    11    5     12    17    
28    65    28    0     0     0     
30    31    12    6     12    18    
31    32    12    6     13    19    
33    2029  12    7     14    21    
35    2018  8     4     23    27    
35    2034  13    8     14    22    
36    87    36    0     0     0     
37    2040  14    9     14    23    
37    2023  9     5     23    28    
38    2030  12    0     26    26    
40    2009  4     1     35    36    
41    59    25    16    0     16    
42    47    16    10    16    26    
43    63    27    16    0     16    
43    64    27    16    0     16    
44    2028  11    6     27    33    
45    72    29    16    0     16    
46    28    11    6     29    35    
46    29    12    6     28    34    
46    16    5     7     34    41    
47    74    32    15    0     15    
50    79    33    17    0     17    
51    2032  12    8     31    39    
53    2036  13    9     31    40    
54    38    14    7     33    40    
55    2038  14    6     35    41    
55    86    36    19    0     19    
57    2059  25    13    19    32    
57    2008  3     2     52    54    
58    2041  15    10    33    43    
59    93    40    19    0     19    
59    95    40    19    0     19    
62    2137  61    1     0     1     
64    7     3     1     60    61    
66    2072  29    14    23    37    
67    2027  11    5     51    56    
67    2007  3     1     63    64    
67    2013  5     2     60    62    
67    105   46    21    0     21    
71    115   49    22    0     22    
72    2102  42    6     24    30    
72    2139  61    1     10    11    
72    157   72    0     0     0     
72    78    33    16    23    39    
75    36    13    6     56    62    
75    53    20    13    42    55    
76    18    8     5     63    68    
77    2055  20    13    44    57    
77    84    35    18    24    42    
78    2015  5     3     70    73    
79    2088  36    17    26    43    
79    85    36    18    25    43    
81    2016  5     3     73    76    
81    2021  9     4     68    72    
81    2024  9     5     67    72    
81    132   56    25    0     25    
82    40    14    8     60    68    
82    19    8     6     68    74    
83    135   57    26    0     26    
85    2092  38    18    29    47    
86    96    40    20    26    46    
86    183   86    0     0     0     
88    2096  40    20    28    48    
91    2099  41    20    30    50    
93    46    16    9     68    77    
94    2101  42    21    31    52    
94    2051  19    36    39    75    
94    2126  55    33    6     39    
95    2033  13    7     75    82    
95    13    5     5     85    90    
98    26    11    6     81    87    
98    107   46    22    30    52    
101   2069  29    14    58    72    
101   2070  29    14    58    72    
103   2107  46    23    34    57    
103   2108  46    23    34    57    
104   2141  62    0     42    42    
105   117   50    23    32    55    
106   2075  32    15    59    74    
106   2109  48    24    34    58    
107   164   74    33    0     33    
109   2195  90    4     15    19    
110   2050  19    13    78    91    
110   2113  49    25    36    61    
110   172   76    34    0     34    
111   121   54    23    34    57    
113   2052  19    13    81    94    
114   2078  33    16    65    81    
115   174   79    36    0     36    
116   2119  50    26    40    66    
116   2083  35    3     78    81    
117   2080  33    17    67    84    
118   2082  35    16    67    83    
118   2152  64    45    9     54    
118   133   57    26    35    61    
120   2086  36    17    67    84    
120   41    15    8     97    105   
120   177   85    35    0     35    
121   2123  54    26    41    67    
121   44    15    9     97    106   
122   2124  54    26    42    68    
123   2089  38    17    68    85    
123   184   86    37    0     37    
123   57    25    14    84    98    
123   94    40    19    64    83    
126   189   89    37    0     37    
128   2135  57    29    42    71    
128   23    9     6     113   119   
128   142   62    28    38    66    
128   143   62    28    38    66    
129   2044  15    11    103   114   
131   2037  14    41    76    117   
132   102   42    20    70    90    
133   2138  61    28    44    72    
133   147   63    28    42    70    
135   2063  27    13    95    108   
135   2097  41    20    74    94    
136   2098  41    20    75    95    
137   2144  62    29    46    75    
139   2100  41    21    77    98    
139   2064  27    14    98    112   
140   2046  16    3     121   124   
140   2085  36    0     104   104   
140   61    27    15    98    113   
140   62    27    16    97    113   
141   213   96    45    0     45    
142   216   96    46    0     46    
142   156   66    31    45    76    
144   219   99    45    0     45    
144   220   99    45    0     45    
145   2103  42    21    82    103   
145   2218  99    17    29    46    
145   110   48    21    76    97    
146   223   101   45    0     45    
147   2151  64    32    51    83    
148   116   49    22    77    99    
149   2048  16    12    121   133   
150   2153  66    33    51    84    
150   2154  66    33    51    84    
150   2315  138   2     10    12    
151   228   104   47    0     47    
151   52    19    13    119   132   
151   33    13    6     132   138   
153   2106  46    22    85    107   
158   2160  72    33    53    86    
159   17    8     5     146   151   
159   169   76    33    50    83    
160   2058  25    120   15    135   
160   245   110   50    0     50    
162   2076  32    16    114   130   
162   373   162   0     0     0     
162   83    35    18    109   127   
163   2193  90    14    59    73    
164   253   113   51    0     51    
164   254   113   51    0     51    
165   2347  151   3     11    14    
165   383   165   0     0     0     
165   37    14    6     145   151   
166   2163  74    36    56    92    
167   2116  49    25    93    118   
168   385   168   0     0     0     
170   88    36    19    115   134   
173   180   85    36    52    88    
175   2056  20    14    141   155   
176   186   88    36    52    88    
176   140   61    27    88    115   
177   278   126   51    0     51    
179   2087  36    17    126   143   
179   2053  20    8     151   159   
179   2270  121   0     58    58    
182   195   90    37    55    92    
184   2202  92    39    53    92    
186   288   129   57    0     57    
186   289   130   56    0     56    
187   2133  57    29    101   130   
191   2042  15    10    166   176   
194   2093  40    19    135   154   
194   306   134   60    0     60    
195   2191  89    43    63    106   
196   312   136   60    0     60    
197   148   63    29    105   134   
198   151   64    29    105   134   
============================================================================
Battle result: Draw!
============================================================================
Total Earth Army Units Alive: 
ES    ET    EG    
236   0     0     

Percentage Of Destructed Earth Units Relative To Their Total: 
ES    ET    EG    
29    100   100   

Percentage Of Earth Units Healed Relative To Their Total: 5

Percentage Of Total Destructed Earth units Relative To Total Earth Units: 31

Average of Df,Dd & Db for Earth Units:
DfAVG DdAVG DbAVG 
20    32    52    

Earth Df/Db%: 38
Earth Dd/Db%: 62
============================================================================
Total Alien Army Units Alive: 
AS    AM    AD    
313   35    23    

Percentage Of Destructed Alien Units Relative To Their Total: 
AS    AM    AD    
19    31    32    

Percentage Of Total Destructed Alien units Relative To Total Alien Units: 21

Average of Df,Dd & Db for Alien Units: 
DfAVG DdAVG DbAVG 
15    51    66    

Alien Df/Db%: 23
Alien Dd/Db%: 77
============================================================================